# GIMP colorrc
# 
# This file holds a list of recently used colors.

(color-history
    (color-rgba 1.000000 0.000000 0.000000 1.000000)
    (color-rgba 0.163162 0.214441 0.317000 1.000000)
    (color-rgba 0.147721 0.194147 0.287000 1.000000)
    (color-rgba 0.290537 0.353058 0.445000 1.000000)
    (color-rgba 0.309804 0.376471 0.474510 1.000000)
    (color-rgba 0.175259 0.237852 0.338000 1.000000)
    (color-rgba 0.239216 0.301961 0.403922 1.000000)
    (color-rgba 0.117776 0.179224 0.297000 1.000000)
    (color-rgba 0.173538 0.228523 0.311000 1.000000)
    (color-rgba 0.191862 0.243517 0.321000 1.000000)
    (color-rgba 0.137255 0.180392 0.266667 1.000000)
    (color-rgba 0.313726 0.372549 0.462745 1.000000)
    (color-rgba 0.164706 0.223529 0.317647 1.000000)
    (color-rgba 0.101961 0.160784 0.254902 1.000000)
    (color-rgba 0.205800 0.259958 0.343000 1.000000)
    (color-rgba 0.447059 0.517647 0.611765 1.000000)
    (color-rgba 0.485773 0.543131 0.619608 1.000000)
    (color-rgba 0.502071 0.562929 0.639000 1.000000)
    (color-rgba 0.486115 0.546879 0.636000 1.000000)
    (color-rgba 0.372725 0.444403 0.534000 1.000000)
    (color-rgba 0.161859 0.223746 0.338000 1.000000)
    (color-rgba 0.517647 0.580392 0.658824 1.000000)
    (color-rgba 0.478431 0.552941 0.647059 1.000000)
    (color-rgba 0.435294 0.494118 0.572549 1.000000)
    (color-rgba 0.368627 0.431373 0.517647 1.000000)
    (color-rgba 0.482353 0.541176 0.623529 1.000000)
    (color-rgba 0.356863 0.415686 0.505882 1.000000)
    (color-rgba 0.454902 0.525490 0.619608 1.000000)
    (color-rgba 0.458824 0.517647 0.596078 1.000000)
    (color-rgba 0.439216 0.501961 0.584314 1.000000)
    (color-rgba 0.403922 0.458824 0.545098 1.000000)
    (color-rgba 0.349020 0.403922 0.486275 1.000000)
    (color-rgba 0.278431 0.333333 0.423529 1.000000)
    (color-rgba 0.266667 0.317647 0.403922 1.000000)
    (color-rgba 0.325490 0.388235 0.482353 1.000000)
    (color-rgba 0.400000 0.462745 0.552941 1.000000)
    (color-rgba 0.407843 0.486275 0.584314 1.000000)
    (color-rgba 0.431373 0.494118 0.580392 1.000000)
    (color-rgba 0.470588 0.529412 0.615686 1.000000)
    (color-rgba 0.090196 0.137255 0.227451 1.000000)
    (color-rgba 0.223529 0.282353 0.372549 1.000000)
    (color-rgba 0.341176 0.352941 0.388235 1.000000)
    (color-rgba 0.133333 0.184314 0.278431 1.000000)
    (color-rgba 0.070588 0.121569 0.215686 1.000000)
    (color-rgba 0.231373 0.298039 0.396078 1.000000)
    (color-rgba 0.710000 0.284000 0.284000 1.000000)
    (color-rgba 1.000000 1.000000 1.000000 1.000000))

# end of colorrc
